0.726243 
0.737746 
0.668199 
0.729916 
0.654837 
0.720456 
0.701920 
0.687741 
0.740979 
0.693199 
0.664198 
0.699404 
0.683997 
0.673754 
0.666576 
0.670873 
0.689274 
0.684844 
0.693468 
0.724819 
0.699109 
0.654886 
0.707554 
0.667755 
0.657417 
0.728208 
0.682404 
0.664577 
0.693664 
0.700075 
0.701102 
0.691720 
0.765526 
0.703171 
0.690732 
0.756557 
0.697683 
0.671276 
0.655059 
0.667171 
0.675587 
0.674330 
0.677169 
0.686245 
0.657612 
0.695092 
0.686937 
0.683826 
0.682747 
0.668672 
0.686364 
0.693843 
0.693201 
0.666556 
0.665392 
0.702710 
0.667109 
0.742448 
0.693361 
0.658198 
0.680072 
0.665390 
0.670795 
0.686548 
0.668797 
0.697418 
0.708230 
0.666452 
0.667645 
0.741901 
0.675075 
0.659197 
0.685812 
0.677810 
0.674423 
0.681030 
0.684444 
0.668469 
0.679747 
0.661302 
0.677858 
0.687934 
0.685337 
0.687792 
0.692044 
0.661693 
0.668333 
0.698755 
0.682203 
0.700658 
0.696925 
0.687636 
0.690000 
0.695675 
0.746304 
0.672091 
0.689667 
0.718513 
0.699620 
0.750451 
